2455229.40937
2455234.24752
2455239.08567
2455243.92382
2455248.76197
2455253.60012
2455258.43827
2455263.27642
2455268.11457
2455272.95272
2455277.79086
2455282.62902
2455287.46716
2455292.30531
2455297.14346
2455301.98161
2455306.81976
2455311.65791
2455316.49606
2455321.33421
2455326.17236
2455331.01051
2455335.84866
2455340.68681
2455345.52496
2455350.36310
2455355.20125
2455360.03940
2455364.87755
2455369.71570
2455374.55385
2455379.39200
2455384.23015
2455389.06830
2455393.90645
2455398.74460
2455403.58275
2455408.42090
2455413.25905
2455418.09719
2455422.93535
2455427.77349
2455432.61164
2455437.44979
2455442.28794
2455447.12609
2455451.96424
2455456.80239
2455461.64054
2455466.47869
2455471.31684
2455476.15499
2454837.51928
2454842.35743
2454847.19558
2454852.03373
2454856.87188
2454861.71002
2454866.54818
2454871.38632
2454876.22447
2454881.06262
2454885.90077
2454890.73892
2454895.57707
2454900.41522
2454905.25337
2454910.09152
2454914.92967
2454919.76782
2454924.60597
2454929.44412
2454934.28227
2454939.12041
2454943.95856
2454948.79671
2454953.63486
2454958.47301
2454963.31116
2454968.14931
2454972.98746
2454977.82561
2454982.66376
2454987.50191
2454992.34006
2454997.17821
2455002.01635
2455006.85450
2455011.69265
2455016.53080
2455021.36895
2455026.20710
2455031.04525
2455035.88340
2455040.72155
2455045.55970
2455050.39785
2455055.23600
2455060.07415
2455064.91230
2455069.75044
2455074.58860
2455079.42674
2455084.26489
2455089.10304
2455093.94119
2455098.77934
2455103.61749
2455108.45564
2455113.29379
2455118.13194
2455122.97009
2455127.80824
2455132.64639
2455137.48454
2455142.32269
2455147.16083
2455151.99898
2455156.83713
2455161.67528
2455166.51343
2455171.35158
2455176.18973
2455181.02788
2455185.86603
2455190.70418
2455195.54233
2455200.38048
2455205.21863
2455210.05677
2455214.89492
2455219.73307
2455224.57122
2455480.99314
2455485.83128
2455490.66944
2455495.50758
2455500.34573
2455505.18388
2455510.02203
2455514.86018
2455519.69833
2455524.53648
2455529.37463
2455534.21278
2455539.05093
2455543.88908
2455548.72723
2455553.56538
2455558.40352
2455563.24167
2455568.07982
2455572.91797
2455577.75612
2455582.59427
2455587.43242
2455592.27057
2455597.10872
2455601.94687
2455606.78502
2455611.62317
2455616.46132
2455621.29947
2455626.13761
2455630.97577
2455635.81391
2455640.65206
2455645.49021
2455650.32836
2455655.16651
2455660.00466
2455664.84281
2455669.68096
2455674.51911
2455679.35726
2455684.19541
2455689.03356
2455693.87171
2455698.70986
2455703.54800
2455708.38615
2455713.22430
2455718.06245
2455722.90060
2455727.73875
2455858.36878
2455863.20693
2455868.04508
2455872.88323
2455877.72138
2455882.55953
2455887.39768
2455892.23583
2455897.07398
2455901.91213
2455906.75027
2455911.58842
2455916.42657
2455921.26472
2455926.10287
2455930.94102
2455935.77917
2455940.61732
2455945.45547
2455950.29362
2455955.13177
2455959.96992
2455964.80807
2455969.64622
2455974.48436
2455979.32251
2455732.57690
2455737.41505
2455742.25320
2455747.09135
2455751.92950
2455756.76765
2455761.60580
2455766.44394
2455771.28209
2455776.12024
2455780.95839
2455785.79654
2455790.63469
2455795.47284
2455800.31099
2455805.14914
2455809.98729
2455814.82544
2455819.66359
2455824.50174
2455829.33989
2455834.17803
2455839.01619
2455843.85433
2455848.69248
2455853.53063
2455984.16066
2455988.99881
2455993.83696
2455998.67511
2456003.51326
2456008.35141
2456013.18956
2456018.02771
2456022.86586
2456027.70401
2456032.54216
2456037.38031
2456042.21845
2456047.05661
2456051.89475
2456056.73290
2456061.57105
2456066.40920
2456071.24735
2456076.08550
2456080.92365
2456085.76180
2456090.59995
2456095.43810
2456100.27625
2456105.11440
2456109.95255
2456114.79069
2456119.62884
2456124.46699
2456129.30514
2456134.14329
2456138.98144
2456143.81959
2456148.65774
2456153.49589
2456158.33404
2456163.17219
2456168.01034
2456172.84849
2456177.68664
2456182.52478
2456187.36293
2456192.20108
2456197.03923
2456201.87738
2456206.71553
2456211.55368
2456216.39183
2456221.22998
2456226.06813
2456230.90628
2456361.53631
2456366.37446
2456371.21261
2456376.05076
2456380.88891
2456385.72706
2456390.56520
2456395.40336
2456400.24150
2456405.07965
2456409.91780
2456414.75595
2456419.59410
2456235.74443
2456240.58258
2456245.42073
2456250.25887
2456255.09703
2456259.93517
2456264.77332
2456269.61147
2456274.44962
2456279.28777
2456284.12592
2456288.96407
2456293.80222
2456298.64037
2456303.47852
2456308.31667
2456313.15482
2456317.99297
2456322.83111
2456327.66926
2456332.50741
2456337.34556
2456342.18371
2456347.02186
2456351.86001
2456356.69816